5288.60
5331.28
5413.69
5470.75
5487.42
5523.94
5504.68
5488.55
5517.06
5509.69
5513.82
5493.99
5494.83
5526.51
5541.99
5535.26
5495.16
5481.21
5529.15
5521.59
5473.78
5481.93
5454.55
5364.98
5285.83
5161.81
5255.90
5151.68
5079.21
5140.06
5109.24
5165.26
5222.52
5281.58
5256.18
5289.86
5302.17
5309.23
5317.37
5344.26
5343.93
5320.49
5262.56
5136.58
5167.23
5170.23
5187.83
5254.10
5274.40
5276.71
5242.79
5233.36
5267.26
5282.75
5222.84
5252.43
5239.74
5167.21
5095.22
5066.28
5115.74
5130.44
5167.30
5152.12
5141.80
5276.67
5258.24
5263.39
5307.56
5277.94
5309.22
5315.02
5312.96
5353.54
5380.17
5391.64
5412.83
5438.55
5444.16
5413.30
5453.58
5483.19
5520.50
5529.22
5501.66
5516.05
5531.42
5521.93
5534.63
5545.95
5541.94
5540.68
5553.16
5567.54
5621.92
5614.51
5637.51
5640.10
5565.85
5548.45
5542.55
5508.93
5438.06
5427.35
5398.40
5465.53
5472.91
5460.95
5457.56
5448.36
5450.22
5473.91
5453.37
5452.73
5528.46
5501.88
5450.48
5390.63
5372.31
5316.01
5387.38
5283.86
5281.29
5327.20
5275.64
5323.53
5276.76
5316.77
5320.50
5366.32
5375.77
5398.11
5434.36
5353.93
5405.90
5429.20
5409.43
5422.54
5447.44
5417.07
5398.32
5378.25
5434.19
5426.41
5480.55
5511.76
5491.22
5511.30
5498.37
5460.98
5478.98
5477.18
5521.31
5501.90
5502.25
5414.68
5412.32
5403.41
5305.22
5349.02
5344.93
5379.65
5408.60
5420.61
5419.33
5432.50
5479.10
5484.99
5501.33
5478.06
5406.85
5413.80
5342.70
5260.22
5243.84
5252.22
5269.63
5283.79
5332.13
5328.12
5352.57
5348.87
5363.79
5393.74
5451.59
5494.17
5476.17
5479.10
5512.73
5540.41
5493.49
5506.82
5467.89
5491.40
5410.85
5359.36
5300.25
5318.55
5206.22
5106.37
5095.98
5095.07
5173.05
5144.95
5116.79
5084.66
5053.31
4967.69
4953.09
5032.30
4967.37
4989.35
4978.53
5093.44
5085.78
5102.13
5101.39
5075.19
5137.94
5131.45
5106.75
5059.09
5101.85
5068.85
5033.62
5025.20
4985.45
4924.89
4975.50
4938.14
4946.95
4994.98
4983.15
4983.24
5006.25
5003.92
5053.98
5012.66
4944.37
4780.46
4813.13
4742.38
4806.20
4909.45
4896.92
4853.70
4799.87
4754.08
4777.45
4692.46
4694.38
4626.39
4598.61
4678.74
4730.69